begin 0
end
begin 1
    1 52 33 "3'b000"
    1 52 24 "7'b0000000"
    1 52 7 "7'b0110011"
    1 60 34 "3'b000"
    1 60 25 "7'b0100000"
    1 60 8 "7'b0110011"
    1 68 35 "3'b000"
    1 68 9 "7'b0010011"
    1 77 36 "3'b010"
    1 77 10 "7'b0000011"
    1 85 37 "3'b010"
    1 85 11 "7'b0100011"
    1 93 40 "3'b010"
    1 93 26 "7'b0000000"
    1 93 14 "7'b0110011"
    1 98 41 "3'b001"
    1 98 27 "7'b0000000"
    1 98 15 "7'b0110011"
    1 103 42 "3'b101"
    1 103 28 "7'b0000000"
    1 103 16 "7'b0110011"
    1 108 43 "3'b000"
    1 108 29 "7'b0000000"
    1 108 17 "7'b1010011"
    1 113 44 "3'b000"
    1 113 30 "7'b0000100"
    1 113 18 "7'b1010011"
    1 118 45 "3'b010"
    1 118 19 "7'b0000111"
    1 127 46 "3'b010"
    1 127 20 "7'b0100111"
    1 135 47 "3'b000"
    1 135 31 "7'b1110000"
    1 135 21 "7'b1010011"
    1 140 49 "3'b001"
    1 140 32 "7'b1010000"
    1 140 22 "7'b1010011"
    1 145 23 "7'b1110011"
    1 162 38 "3'b000"
    1 162 12 "7'b1100011"
    1 165 39 "3'b100"
    1 165 13 "7'b1100011"
end
begin 2
end
begin 3
    3 98 12 "7'b1100011"
    3 98 38 "3'b000"
    3 99 13 "7'b1100011"
    3 99 39 "3'b100"
    3 100 7 "7'b0110011"
    3 100 24 "7'b0000000"
    3 100 33 "3'b000"
    3 101 14 "7'b0110011"
    3 101 26 "7'b0000000"
    3 101 40 "3'b010"
    3 102 16 "7'b0110011"
    3 102 28 "7'b0000000"
    3 102 42 "3'b101"
    3 103 18 "7'b1010011"
    3 103 30 "7'b0000100"
    3 103 44 "3'b000"
    3 104 8 "7'b0110011"
    3 104 25 "7'b0100000"
    3 104 34 "3'b000"
    3 105 15 "7'b0110011"
    3 105 27 "7'b0000000"
    3 105 41 "3'b001"
    3 106 17 "7'b1010011"
    3 106 29 "7'b0000000"
    3 106 43 "3'b000"
    3 107 22 "7'b1010011"
    3 107 32 "7'b1010000"
    3 107 49 "3'b001"
    3 108 21 "7'b1010011"
    3 108 31 "7'b1110000"
    3 108 47 "3'b000"
    3 109 9 "7'b0010011"
    3 109 35 "3'b000"
    3 110 10 "7'b0000011"
    3 110 36 "3'b010"
    3 111 19 "7'b0000111"
    3 111 45 "3'b010"
    3 112 11 "7'b0100011"
    3 112 37 "3'b010"
    3 113 20 "7'b0100111"
    3 113 46 "3'b010"
    3 114 23 "7'b1110011"
    3 116 10 "7'b0000011"
    3 116 36 "3'b010"
    3 117 19 "7'b0000111"
    3 117 45 "3'b010"
    3 134 17 "7'b1010011"
    3 134 18 "7'b1010011"
    3 135 21 "7'b1010011"
    3 135 22 "7'b1010011"
    3 136 17 "7'b1010011"
    3 136 18 "7'b1010011"
    3 137 21 "7'b1010011"
    3 137 19 "7'b0000111"
    3 138 22 "7'b1010011"
    3 138 20 "7'b0100111"
    3 139 31 "7'b1110000"
    3 139 21 "7'b1010011"
    3 140 22 "7'b1010011"
    3 140 32 "7'b1010000"
    3 277 5 "4"
    3 277 1 "0"
    3 278 5 "4"
    3 278 2 "1"
    3 279 5 "4"
    3 279 4 "3"
    3 280 5 "4"
    3 280 3 "2"
    3 281 5 "4"
    3 281 6 "5"
    3 282 5 "4"
    3 299 9 "7'b0010011"
end
