begin 0
end
begin 1
end
begin 2
    2 58 33 "3'b000"
    2 58 24 "7'b0000000"
    2 58 7 "7'b0110011"
    2 65 34 "3'b000"
    2 65 25 "7'b0100000"
    2 65 8 "7'b0110011"
    2 72 35 "3'b000"
    2 72 9 "7'b0010011"
    2 80 36 "3'b010"
    2 80 10 "7'b0000011"
    2 87 37 "3'b010"
    2 87 11 "7'b0100011"
    2 94 40 "3'b010"
    2 94 26 "7'b0000000"
    2 94 14 "7'b0110011"
    2 99 41 "3'b001"
    2 99 27 "7'b0000000"
    2 99 15 "7'b0110011"
    2 104 42 "3'b101"
    2 104 28 "7'b0000000"
    2 104 16 "7'b0110011"
    2 109 43 "3'b000"
    2 109 29 "7'b0000000"
    2 109 17 "7'b1010011"
    2 114 44 "3'b000"
    2 114 30 "7'b0000100"
    2 114 18 "7'b1010011"
    2 119 45 "3'b010"
    2 119 19 "7'b0000111"
    2 126 46 "3'b010"
    2 126 20 "7'b0100111"
    2 133 47 "3'b000"
    2 133 31 "7'b1110000"
    2 133 21 "7'b1010011"
    2 138 49 "3'b001"
    2 138 32 "7'b1010000"
    2 138 22 "7'b1010011"
    2 143 23 "7'b1110011"
    2 152 38 "3'b000"
    2 152 12 "7'b1100011"
    2 156 39 "3'b100"
    2 156 13 "7'b1100011"
end
begin 3
    3 99 12 "7'b1100011"
    3 99 38 "3'b000"
    3 100 13 "7'b1100011"
    3 100 39 "3'b100"
    3 101 7 "7'b0110011"
    3 101 24 "7'b0000000"
    3 101 33 "3'b000"
    3 102 14 "7'b0110011"
    3 102 26 "7'b0000000"
    3 102 40 "3'b010"
    3 103 16 "7'b0110011"
    3 103 28 "7'b0000000"
    3 103 42 "3'b101"
    3 104 18 "7'b1010011"
    3 104 30 "7'b0000100"
    3 104 44 "3'b000"
    3 105 8 "7'b0110011"
    3 105 25 "7'b0100000"
    3 105 34 "3'b000"
    3 106 15 "7'b0110011"
    3 106 27 "7'b0000000"
    3 106 41 "3'b001"
    3 107 17 "7'b1010011"
    3 107 29 "7'b0000000"
    3 107 43 "3'b000"
    3 108 22 "7'b1010011"
    3 108 32 "7'b1010000"
    3 108 49 "3'b001"
    3 109 21 "7'b1010011"
    3 109 31 "7'b1110000"
    3 109 47 "3'b000"
    3 110 9 "7'b0010011"
    3 110 35 "3'b000"
    3 111 10 "7'b0000011"
    3 111 36 "3'b010"
    3 112 19 "7'b0000111"
    3 112 45 "3'b010"
    3 113 11 "7'b0100011"
    3 113 37 "3'b010"
    3 114 20 "7'b0100111"
    3 114 46 "3'b010"
    3 115 23 "7'b1110011"
    3 117 10 "7'b0000011"
    3 117 36 "3'b010"
    3 118 19 "7'b0000111"
    3 118 45 "3'b010"
    3 211 17 "7'b1010011"
    3 211 18 "7'b1010011"
    3 212 21 "7'b1010011"
    3 212 22 "7'b1010011"
    3 213 17 "7'b1010011"
    3 213 18 "7'b1010011"
    3 214 21 "7'b1010011"
    3 214 19 "7'b0000111"
    3 215 22 "7'b1010011"
    3 215 20 "7'b0100111"
    3 216 31 "7'b1110000"
    3 216 21 "7'b1010011"
    3 217 22 "7'b1010011"
    3 217 32 "7'b1010000"
    3 218 31 "7'b1110000"
    3 218 21 "7'b1010011"
    3 219 22 "7'b1010011"
    3 219 32 "7'b1010000"
    3 262 5 "4"
    3 262 1 "0"
    3 263 5 "4"
    3 263 2 "1"
    3 264 5 "4"
    3 264 4 "3"
    3 265 5 "4"
    3 265 3 "2"
    3 266 5 "4"
    3 266 6 "5"
    3 267 5 "4"
    3 284 9 "7'b0010011"
end
