begin 0
end
begin 1
end
begin 2
    2 67 33 "3'b000"
    2 67 24 "7'b0000000"
    2 67 7 "7'b0110011"
    2 74 34 "3'b000"
    2 74 25 "7'b0100000"
    2 74 8 "7'b0110011"
    2 81 35 "3'b000"
    2 81 9 "7'b0010011"
    2 89 36 "3'b010"
    2 89 10 "7'b0000011"
    2 96 37 "3'b010"
    2 96 11 "7'b0100011"
    2 103 40 "3'b010"
    2 103 26 "7'b0000000"
    2 103 14 "7'b0110011"
    2 108 41 "3'b001"
    2 108 27 "7'b0000000"
    2 108 15 "7'b0110011"
    2 113 42 "3'b101"
    2 113 28 "7'b0000000"
    2 113 16 "7'b0110011"
    2 118 43 "3'b000"
    2 118 29 "7'b0000000"
    2 118 17 "7'b1010011"
    2 123 44 "3'b000"
    2 123 30 "7'b0000100"
    2 123 18 "7'b1010011"
    2 128 45 "3'b010"
    2 128 19 "7'b0000111"
    2 135 46 "3'b010"
    2 135 20 "7'b0100111"
    2 142 47 "3'b000"
    2 142 31 "7'b1110000"
    2 142 21 "7'b1010011"
    2 147 49 "3'b001"
    2 147 32 "7'b1010000"
    2 147 22 "7'b1010011"
    2 152 23 "7'b1110011"
    2 161 38 "3'b000"
    2 161 12 "7'b1100011"
    2 165 39 "3'b100"
    2 165 13 "7'b1100011"
end
begin 3
    3 99 12 "7'b1100011"
    3 99 38 "3'b000"
    3 100 13 "7'b1100011"
    3 100 39 "3'b100"
    3 101 7 "7'b0110011"
    3 101 24 "7'b0000000"
    3 101 33 "3'b000"
    3 102 14 "7'b0110011"
    3 102 26 "7'b0000000"
    3 102 40 "3'b010"
    3 103 16 "7'b0110011"
    3 103 28 "7'b0000000"
    3 103 42 "3'b101"
    3 104 18 "7'b1010011"
    3 104 30 "7'b0000100"
    3 104 44 "3'b000"
    3 105 8 "7'b0110011"
    3 105 25 "7'b0100000"
    3 105 34 "3'b000"
    3 106 15 "7'b0110011"
    3 106 27 "7'b0000000"
    3 106 41 "3'b001"
    3 107 17 "7'b1010011"
    3 107 29 "7'b0000000"
    3 107 43 "3'b000"
    3 108 22 "7'b1010011"
    3 108 32 "7'b1010000"
    3 108 49 "3'b001"
    3 109 21 "7'b1010011"
    3 109 31 "7'b1110000"
    3 109 47 "3'b000"
    3 110 9 "7'b0010011"
    3 110 35 "3'b000"
    3 111 10 "7'b0000011"
    3 111 36 "3'b010"
    3 112 19 "7'b0000111"
    3 112 45 "3'b010"
    3 113 11 "7'b0100011"
    3 113 37 "3'b010"
    3 114 20 "7'b0100111"
    3 114 46 "3'b010"
    3 115 23 "7'b1110011"
    3 117 10 "7'b0000011"
    3 117 36 "3'b010"
    3 118 19 "7'b0000111"
    3 118 45 "3'b010"
    3 211 17 "7'b1010011"
    3 211 18 "7'b1010011"
    3 212 21 "7'b1010011"
    3 212 22 "7'b1010011"
    3 213 17 "7'b1010011"
    3 213 18 "7'b1010011"
    3 214 21 "7'b1010011"
    3 214 19 "7'b0000111"
    3 215 22 "7'b1010011"
    3 215 20 "7'b0100111"
    3 216 31 "7'b1110000"
    3 216 21 "7'b1010011"
    3 217 22 "7'b1010011"
    3 217 32 "7'b1010000"
    3 218 31 "7'b1110000"
    3 218 21 "7'b1010011"
    3 219 22 "7'b1010011"
    3 219 32 "7'b1010000"
    3 265 5 "4"
    3 265 1 "0"
    3 266 5 "4"
    3 266 2 "1"
    3 267 5 "4"
    3 267 4 "3"
    3 268 5 "4"
    3 268 3 "2"
    3 269 5 "4"
    3 269 6 "5"
    3 270 5 "4"
    3 286 9 "7'b0010011"
end
