begin 0
end
begin 1
end
begin 2
    2 52 33 "3'b000"
    2 52 24 "7'b0000000"
    2 52 7 "7'b0110011"
    2 60 34 "3'b000"
    2 60 25 "7'b0100000"
    2 60 8 "7'b0110011"
    2 68 35 "3'b000"
    2 68 9 "7'b0010011"
    2 77 36 "3'b010"
    2 77 10 "7'b0000011"
    2 85 37 "3'b010"
    2 85 11 "7'b0100011"
    2 93 40 "3'b010"
    2 93 26 "7'b0000000"
    2 93 14 "7'b0110011"
    2 98 41 "3'b001"
    2 98 27 "7'b0000000"
    2 98 15 "7'b0110011"
    2 103 42 "3'b101"
    2 103 28 "7'b0000000"
    2 103 16 "7'b0110011"
    2 108 43 "3'b000"
    2 108 29 "7'b0000000"
    2 108 17 "7'b1010011"
    2 113 44 "3'b000"
    2 113 30 "7'b0000100"
    2 113 18 "7'b1010011"
    2 118 45 "3'b010"
    2 118 19 "7'b0000111"
    2 127 46 "3'b010"
    2 127 20 "7'b0100111"
    2 135 47 "3'b000"
    2 135 31 "7'b1110000"
    2 135 21 "7'b1010011"
    2 140 49 "3'b001"
    2 140 32 "7'b1010000"
    2 140 22 "7'b1010011"
    2 145 23 "7'b1110011"
    2 162 38 "3'b000"
    2 162 12 "7'b1100011"
    2 165 39 "3'b100"
    2 165 13 "7'b1100011"
end
begin 3
    3 97 12 "7'b1100011"
    3 97 38 "3'b000"
    3 98 13 "7'b1100011"
    3 98 39 "3'b100"
    3 99 7 "7'b0110011"
    3 99 24 "7'b0000000"
    3 99 33 "3'b000"
    3 100 14 "7'b0110011"
    3 100 26 "7'b0000000"
    3 100 40 "3'b010"
    3 101 16 "7'b0110011"
    3 101 28 "7'b0000000"
    3 101 42 "3'b101"
    3 102 18 "7'b1010011"
    3 102 30 "7'b0000100"
    3 102 44 "3'b000"
    3 103 8 "7'b0110011"
    3 103 25 "7'b0100000"
    3 103 34 "3'b000"
    3 104 15 "7'b0110011"
    3 104 27 "7'b0000000"
    3 104 41 "3'b001"
    3 105 17 "7'b1010011"
    3 105 29 "7'b0000000"
    3 105 43 "3'b000"
    3 106 22 "7'b1010011"
    3 106 32 "7'b1010000"
    3 106 49 "3'b001"
    3 107 21 "7'b1010011"
    3 107 31 "7'b1110000"
    3 107 47 "3'b000"
    3 108 9 "7'b0010011"
    3 108 35 "3'b000"
    3 109 10 "7'b0000011"
    3 109 36 "3'b010"
    3 110 19 "7'b0000111"
    3 110 45 "3'b010"
    3 111 11 "7'b0100011"
    3 111 37 "3'b010"
    3 112 20 "7'b0100111"
    3 112 46 "3'b010"
    3 113 23 "7'b1110011"
    3 115 10 "7'b0000011"
    3 115 36 "3'b010"
    3 116 19 "7'b0000111"
    3 116 45 "3'b010"
    3 133 17 "7'b1010011"
    3 133 18 "7'b1010011"
    3 134 21 "7'b1010011"
    3 134 22 "7'b1010011"
    3 135 17 "7'b1010011"
    3 135 18 "7'b1010011"
    3 136 21 "7'b1010011"
    3 136 19 "7'b0000111"
    3 137 22 "7'b1010011"
    3 137 20 "7'b0100111"
    3 138 31 "7'b1110000"
    3 138 21 "7'b1010011"
    3 139 22 "7'b1010011"
    3 139 32 "7'b1010000"
    3 272 5 "4"
    3 272 1 "0"
    3 273 5 "4"
    3 273 2 "1"
    3 274 5 "4"
    3 274 4 "3"
    3 275 5 "4"
    3 275 3 "2"
    3 276 5 "4"
    3 276 6 "5"
    3 277 5 "4"
    3 294 9 "7'b0010011"
end
